1382875689
1382629929
1427251753
1382658601
1427214889
1382691369
1427190313
1382728233
1427157545
1382748713
1427276329
1382793769
1427001897
1427092009
1426960937
1382814249
1382912553
1382994473
1427059241
1426940457
1382851113
1427026473
1427124777
1382957609
1382273577
1427300905
1382023721
1427669545
1382068777
1427636777
1382109737
1427595817
1382154793
1427571241
1382203945
1427554857
1426919977
1427522089
1382330921
1427489321
1382367785
1427460649
1382412841
1427419689
1382457897
1427399209
1382507049
1427366441
1382527529
1427337769
1382560297
1382601257
1383035433
1412399657
1383060009
1426424361
1383658025
1426399785
1383703081
1426371113
1383801385
1426334249
1383834153
1426317865
1383883305
1426276905
1383621161
1383907881
1383952937
1426223657
1383993897
1426199081
1384038953
1426166313
1384084009
1426145833
1384129065
1426121257
1384153641
1426252329
1426883113
1426453033
1426485801
1426846249
1383109161
1426813481
1383141929
1426793001
1383178793
1426756137
1383219753
1426731561
1383268905
1426702889
1383588393
1383297577
1383334441
1426641449
1383375401
1426612777
1383412265
1426584105
1383457321
1426551337
1383506473
1426518569
1383547433
1426670121
1427694121
1381020201
1427730985
1429094953
1380626985
1429058089
1380663849
1429004841
1380700713
1428967977
1380729385
1428922921
1380762153
1428890153
1380594217
1380799017
1380831785
1428804137
1380852265
1428771369
1380893225
1428734505
1380938281
1428685353
1380975145
1428644393
1426088489
1428849193
1428607529
1429131817
1429172777
1429668393
1380049449
1429631529
1380094505
1429590569
1380131369
1429557801
1380172329
1429512745
1380221481
1429463593
1380557353
1380274729
1380307497
1429377577
1380340265
1429340713
1380389417
1429299753
1380434473
1429250601
1380479529
1429213737
1380520489
1429422633
1381986857
1381073449
1381114409
1428103721
1381605929
1428062761
1381638697
1428034089
1381667369
1428005417
1381696041
1427968553
1381728809
1427939881
1381577257
1381761577
1381794345
1427894825
1381823017
1427853865
1381859881
1427825193
1381909033
1427788329
1381933609
1427759657
1381958185
1427915305
1428558377
1428124201
1428161065
1428513321
1381147177
1428488745
1381184041
1428447785
1381212713
1428423209
1381233193
1428394537
1381265961
1428361769
1381536297
1381298729
1381327401
1428304425
1381368361
1428275753
1381401129
1428242985
1381437993
1428218409
1381474857
1428193833
1381503529
1428337193
1384202793
1425220137
1384235561
1424056873
1387242025
1424028201
1387274793
1423995433
1387315753
1423970857
1387360809
1423946281
1387401769
1423921705
1387446825
1423893033
1387479593
1423864361
1387528745
1423839785
1387577897
1423802921
1387622953
1423770153
1387663913
1423757865
1387192873
1424093737
1387147817
1424122409
1424445993
1386635817
1424421417
1386672681
1424392745
1386721833
1424372265
1386762793
1424335401
1386803753
1424302633
1387725353
1386848809
1386889769
1424253481
1386943017
1424220713
1386988073
1424196137
1387029033
1424171561
1387074089
1424142889
1387106857
1424278057
1423721001
1387762217
1423692329
1388405289
1423290921
1388446249
1423270441
1388487209
1423229481
1388524073
1423209001
1412444713
1423180329
1388610089
1423311401
1423151657
1423127081
1388692009
1423102505
1388753449
1423082025
1388790313
1423045161
1388823081
1423020585
1388872233
1422996009
1388659241
1386594857
1388364329
1388319273
1387803177
1423663657
1387844137
1423639081
1387897385
1423614505
1387942441
1423594025
1387983401
1423565353
1388020265
1423340073
1423528489
1423508009
1388102185
1423479337
1388139049
1423462953
1388180009
1423434281
1388229161
1423413801
1388286505
1423368745
1388069417
1424478761
1386553897
1424515625
1425633833
1384895017
1425605161
1384923689
1425576489
1384972841
1425551913
1385009705
1425527337
1385058857
1425494569
1384858153
1385099817
1385144873
1425449513
1385177641
1425424937
1385218601
1425388073
1385259561
1425359401
1385300521
1425322537
1385345577
1425465897
1425302057
1425654313
1425699369
1426027049
1384280617
1426006569
1384309289
1425981993
1384366633
1425941033
1384399401
1425916457
1384436265
1425895977
1384817193
1384473129
1384526377
1425830441
1384567337
1425805865
1384604201
1425777193
1384645161
1425756713
1384686121
1425719849
1384763945
1425871401
1426055721
1385382441
1385427497
1424851497
1386062377
1424818729
1386099241
1424794153
1386152489
1424765481
1386181161
1424740905
1386218025
1424708137
1386017321
1386271273
1386304041
1424658985
1386353193
1424626217
1386377769
1424593449
1386426921
1424564777
1386476073
1424536105
1386508841
1424687657
1425269289
1424876073
1424904745
1425244713
1385464361
1380004393
1385497129
1425195561
1385538089
1425150505
1385583145
1425130025
1385620009
1425109545
1385980457
1385669161
1385701929
1425044009
1385763369
1425015337
1385796137
1424986665
1385828905
1424957993
1385882153
1424933417
1385919017
1425064489
1429709353
1432175145
1429754409
1979154985
1979109929
1979068969
1979032105
1978991145
1978950185
1978909225
1978864169
1978815017
1978769961
1978733097
1978683945
1978651177
1978602025
1978565161
1978520105
1978483241
1978446377
1978401321
1978356265
1978315305
1978266153
1978217001
1979191849
1979236905
1979269673
1979327017
1980330537
1980281385
1980240425
1980203561
1980162601
1980129833
1980076585
1980031529
1979994665
1979961897
1979920937
1978180137
1979871785
1979793961
1979748905
1979707945
1979658793
1979613737
1979560489
1979527721
1979486761
1979453993
1979400745
1979367977
1979839017
1978143273
1978094121
1978057257
1439965737
1439928873
1439875625
1439842857
1439797801
1439752745
1439707689
1439662633
1439633961
1439580713
1439552041
1440014889
1439506985
1439420969
1439380009
1439339049
1439298089
1439248937
1439220265
1439167017
1439126057
1439081001
1439048233
1438994985
1439457833
1980367401
1440051753
1440133673
1978028585
1977979433
1977934377
1977889321
1977856553
1977807401
1977770537
1977717289
1440805417
1440764457
1440731689
1440100905
1440686633
1440596521
1440551465
1440514601
1440473641
1440424489
1440391721
1440338473
1440309801
1440264745
1440223785
1440174633
1440637481
1980412457
1980453417
1980510761
1990410793
1990382121
1990341161
1990320681
1990275625
1983570473
1983529513
1983496745
1983455785
1983427113
1983373865
1990439465
1983349289
1983279657
1983242793
1983185449
1983144489
1983091241
1983054377
1983005225
1982972457
1982931497
1982894633
1982853673
1983316521
1982816809
1990484521
1990554153
2070741545
2070684201
2070663721
2070598185
2070565417
2070528553
2070454825
2070417961
2070389289
2070352425
2070307369
1990513193
2070262313
1990943273
1990906409
1990881833
1990840873
1990812201
1990763049
1990726185
1990693417
1990656553
1990615593
1990582825
1990971945
1438958121
1982767657
1982698025
1981506089
1981473321
1981432361
1981391401
1981354537
1981301289
1981260329
1981219369
1981182505
1981133353
1981088297
1981555241
1981047337
1980957225
1980920361
1980883497
1980846633
1980805673
1980756521
1980707369
1980670505
1980629545
1980588585
1980543529
1981010473
1982738985
1981588009
1981678121
1982657065
1982607913
1982562857
1982517801
1982480937
1982435881
1982390825
1982353961
1982321193
1982267945
1982226985
1981633065
1982186025
1982104105
1982071337
1982030377
1981989417
1981952553
1981919785
1981870633
1981825577
1981784617
1981743657
1981706793
1982157353
1379967529
1438904873
1438818857
1432969769
1432928809
1432875561
1432846889
1432801833
1432773161
1432724009
1432687145
1432642089
1432605225
1432564265
1432531497
1432486441
1432441385
1432400425
1432355369
1432326697
1432261161
1432220201
1388913193
1432125993
1432085033
1432052265
1433014825
1433047593
1433100841
1433141801
1434116649
1434079785
1434034729
1433993769
1433956905
1433907753
1433870889
1433825833
1433797161
1433743913
1433711145
1432003113
1433666089
1433588265
1433543209
1433502249
1433465385
1433420329
1433387561
1433346601
1433301545
1433260585
1433219625
1433178665
1433633321
1431962153
1431917097
1431876137
1430692393
1430651433
1430614569
1430573609
1430532649
1430495785
1430446633
1430413865
1430368809
1430331945
1430270505
1430721065
1430241833
1430168105
1430118953
1430077993
1430045225
1429991977
1429946921
1429914153
1429869097
1429828137
1429787177
1379918377
1430204969
1434161705
1430778409
1430860329
1431843369
1431810601
1431757353
1431724585
1431683625
1431654953
1431601705
1431568937
1431519785
1431470633
1431425577
1430819369
1431388713
1431310889
1431265833
1431224873
1431192105
1431151145
1431097897
1431065129
1431024169
1430975017
1430938153
1430901289
1431351849
1434190377
1434243625
1434272297
1437610537
1437569577
1437524521
1437483561
1437442601
1437397545
1437364777
1437311529
1437262377
1437221417
1437188649
1437651497
1437147689
1437053481
1437012521
1436975657
1436930601
1436877353
1436840489
1436799529
1436754473
1436717609
1436680745
1436635689
1437094441
1436586537
1437680169
1437762089
1438786089
1438745129
1438700073
1438659113
1438618153
1438577193
1438536233
1438499369
1438450217
1438409257
1438364201
1437729321
1438331433
1438241321
1438192169
1438159401
1438110249
1438069289
1438036521
1437991465
1437934121
1437897257
1437864489
1437803049
1438282281
1438868009
1436557865
1436480041
1435279913
1435238953
1435189801
1435144745
1435099689
1435058729
1435021865
1434976809
1434935849
1434894889
1434862121
1435308585
1434821161
1434735145
1434690089
1434657321
1434612265
1434571305
1434538537
1434497577
1434448425
1434411561
1434370601
1434325545
1434772009
1436508713
1435353641
1435435561
1436418601
1436381737
1436336681
1436303913
1436254761
1436226089
1436176937
1436127785
1436086825
1436045865
1436004905
1435394601
1435963945
1435873833
1435841065
1435800105
1435759145
1435722281
1435685417
1435636265
1435591209
1435550249
1435525673
1435472425
1435918889
1422967337
1388573225
1422938665
1384186409
1404539433
1392038441
1404580393
1391694377
1404629545
1390563881
1404670505
1390412329
1404719657
1389912617
1404760617
1389511209
1404813865
1388859945
1404850729
1388380713
1404887593
1396118057
1404953129
1395057193
1404985897
1394332201
1405035049
1394111017
1405092393
1393525289
1404494377
1384673833
1404465705
1385447977
1377575465
1403822633
1376715305
1403875881
1384022569
1403925033
1383866921
1403961897
1383080489
1404006953
1382490665
1404039721
1382220329
1405125161
1404084777
1404121641
1380901417
1404178985
1388212777
1404224041
1387868713
1404281385
1387381289
1404318249
1386570281
1404367401
1385902633
1404400169
1381462569
1403781673
1393066537
1392546345
1405989417
1401643561
1406042665
1401147945
1406100009
1400934953
1406140969
1408361001
1406186025
1408131625
1406222889
1407398441
1406272041
1407164969
1406313001
1406231081
1406366249
1413169705
1406423593
1412567593
1406472745
1411953193
1406513705
1411285545
1406554665
1410609705
1406607913
1402155561
1405948457
1402212905
1405899305
1405231657
1400197673
1405276713
1400042025
1405321769
1399874089
1405366825
1399173673
1405415977
1398645289
1405469225
1398497833
1405514281
1405182505
1398026793
1398002217
1405608489
1397350953
1405661737
1396924969
1405719081
1404449321
1405764137
1404203561
1405813289
1403658793
1405862441
1403028009
1405559337
1378619945
1403736617
1379070505
1378935337
1401672233
1376469545
1401725481
1387704873
1401758249
1293832745
1401799209
1339859497
1401848361
1345385001
1401897513
1345131049
1401938473
1342702121
1401983529
1361044009
1402028585
1378656809
1402069545
1377845801
1402118697
1377006121
1402167849
1383207465
1402229289
1386705449
1401631273
1379144233
1401590313
1374208553
1352151593
1400963625
1352139305
1401008681
1378857513
1401049641
1378578985
1401090601
1378566697
1401135657
1374286377
1401193001
1376936489
1402262057
1401242153
1401287209
1388958249
1401332265
1352098345
1401373225
1337893417
1401414185
1340428841
1401451049
1339806249
1401500201
1339773481
1401541161
1340285481
-448687576
1402303017
-435334616
1403073065
1327276585
1403118121
1326395945
1403154985
1333191209
1403187753
1331978793
1403249193
1331421737
1403290153
1337528873
1403339305
1327788585
1337041449
1335104041
1403429417
1334551081
1403466281
1340477993
1403503145
1403552297
1375220265
1403613737
1374175785
1403650601
1379611177
1403699753
1403372073
1410052649
1403007529
1402974761
1402348073
-328261080
1402405417
1291575849
1402442281
1291162153
1402487337
1290646057
1402532393
1293713961
1402573353
1293152809
1402618409
1329021481
1292464681
1300001321
1402720809
1306870313
1402757673
1315889705
1402806825
1320288809
1402831401
1317372457
1402872361
1324376617
1402925609
1322566185
1402663465
1400910377
1406652969
1406698025
1410396713
1414447657
1410441769
1414398505
1410486825
1414345257
1410540073
1414320681
1410576937
1414279721
1410626089
1414226473
1410671145
1414169129
1410720297
1414128169
1410757161
1414087209
1410802217
1414042153
1410843177
1414013481
1410880041
1413956137
1410933289
1413919273
1410978345
1414492713
1410351657
1414541865
1410327081
1409671721
1415156265
1409724969
1415111209
1409761833
1415074345
1409815081
1415008809
1409868329
1414971945
1409905193
1414926889
1409954345
1413870121
1414898217
1414840873
1410044457
1414808105
1410085417
1414746665
1410142761
1414717993
1410175529
1414664745
1410232873
1414631977
1410282025
1414574633
1410007593
1415197225
1411031593
1411076649
1413083689
1411830313
1413018153
1411875369
1412989481
1411916329
1412940329
1411969577
1412899369
1412014633
1412850217
1412051497
1412805161
1412096553
1412760105
1412137513
1412715049
1412194857
1412669993
1412219433
1412633129
1412276777
1412579881
1412309545
1412534825
1412358697
1412481577
1411785257
1413124649
1411748393
1413161513
1413800489
1411113513
1413747241
1411154473
1413706281
1411203625
1413657129
1411240489
1413620265
1411277353
1413562921
1411330601
1413526057
1413825065
1411387945
1411420713
1413435945
1411469865
1413394985
1411502633
1413345833
1411551785
1413304873
1411600937
1413255721
1411650089
1413206569
1411699241
1413481001
1409634857
1415254569
1409589801
1417302569
1407451689
1417249321
1407504937
1417183785
1407541801
1417130537
1407595049
1417101865
1407627817
1417060905
1407713833
1417024041
1407758889
1416978985
1407803945
1416933929
1407840809
1416888873
1407881769
1416839721
1407926825
1416790569
1407971881
1416765993
1408078377
1416716841
1407410729
1417343529
1407353385
1417380393
1416925737
1406738985
1416020521
1406792233
1415627305
1406829097
1414959657
1406890537
1414435369
1406927401
1414005289
1406960169
1413808681
1408127529
1407009321
1407050281
1417671209
1407099433
1417617961
1407144489
1417572905
1407197737
1417523753
1407234601
1417478697
1407275561
1417425449
1407316521
1413550633
1416675881
1408160297
1416622633
1408922153
1415864873
1408971305
1415819817
1409012265
1415770665
1409073705
1415729705
1409110569
1415688745
1409151529
1415647785
1409196585
1415918121
1415594537
1415549481
1409290793
1415504425
1409331753
1415467561
1409376809
1415426601
1409425961
1415393833
1409471017
1415344681
1409528361
1415295529
1409245737
1409618473
1408885289
1408832041
1408209449
1416577577
1408258601
1416520233
1408287273
1416483369
1408332329
1416434217
1408373289
1416397353
1408430633
1416352297
1408463401
1415954985
1416315433
1416270377
1408569897
1416233513
1408606761
1416184361
1408643625
1416127017
1408688681
1416086057
1408729641
1416041001
1408795177
1416004137
1408516649
-389750232
1345270313
-1554832856
1268245033
1392456233
1268232745
1392484905
1268212265
1392534057
1268179497
1392570921
1268154921
1392611881
1268142633
1392656937
1268118057
1392693801
1268089385
1392734761
1268060713
1392779817
1268048425
1392824873
1268023849
1392861737
1268003369
1392902697
1267982889
1392968233
1267962409
1392407081
1268273705
1392366121
1268294185
1268638249
1391772201
1268613673
1391809065
1268585001
1391850025
1268568617
1391886889
1268544041
1391940137
1268519465
1391977001
1268494889
1393005097
1392005673
1392063017
1268453929
1392095785
1268425257
1392144937
1268408873
1392185897
1268367913
1392235049
1268339241
1392271913
1268318761
1392321065
1268474409
1391718953
1267941929
1267917353
1393988137
1267561001
1394033193
1267552809
1394078249
1267524137
1394123305
1267511849
1394217513
1267487273
1400873513
-330251736
1394348585
-330268120
1394397737
-330288600
1394438697
-330309080
1394487849
-330325464
1394532905
-330345944
1394577961
-330370520
1394627113
-330391000
1394668073
1267585577
1393951273
1267614249
1393906217
1393140265
1267905065
1393173033
1267884585
1393209897
1267864105
1393263145
1267835433
1393357353
1267823145
1393386025
1267806761
1393472041
1393046057
1267782185
1267761705
1393553961
1267749417
1393611305
1267716649
1393656361
1267696169
1393738281
1267679785
1393783337
1267655209
1393828393
1267638825
1393517097
1268658729
1391673897
1268679209
1389683241
1422479913
1389724201
1422451241
1389769257
1422426665
1389818409
1422393897
1389855273
1422373417
1389892137
1422348841
1389941289
1422324265
1389986345
1422287401
1390035497
1422271017
1390072361
1422246441
1390121513
1422225961
1390166569
1422189097
1390199337
1422168617
1390240297
1422516777
1389642281
1422541353
1389593129
1389003305
1422914089
1389052457
1422889513
1389081129
1422860841
1389126185
1422836265
1389175337
1422807593
1389216297
1422787113
1389265449
1422131753
1422758441
1422717481
1389351465
1422701097
1389384233
1422668329
1389429289
1422647849
1389470249
1422623273
1389523497
1422594601
1389556265
1422565929
1389302313
1390281257
1422103081
1390334505
1269015081
1391063593
1268990505
1391108649
1268970025
1391153705
1268941353
1391198761
1268916777
1391231529
1268900393
1391272489
1268871721
1391010345
1391317545
1391350313
1268818473
1391419945
1268802089
1391456809
1268773417
1391493673
1268757033
1391534633
1268732457
1391587881
1268711977
1391637033
1268855337
-330411480
1269039657
1269064233
1422078505
1390359081
1422049833
1390424617
1422025257
1390457385
1421996585
1390506537
1421963817
1390539305
1421951529
1390600745
1421914665
1390977577
1390637609
1390674473
1269531177
1390707241
1269502505
1390760489
1269469737
1390801449
1269375529
1390842409
1269350953
1390887465
1269326377
1390936617
1421890089
1394713129
1394311721
1394754089
1398702633
-331992536
1398731305
-332017112
1398821417
-332037592
1398866473
-332058072
1398952489
-332074456
1398997545
-332090840
1399058985
-332103128
1399099945
-332127704
1399132713
-332144088
1399181865
-332160472
1399222825
-332185048
1399267881
-332201432
1399317033
-332217816
1399366185
-331980248
1398641193
-331963864
1398587945
1397805609
-331697624
1397854761
-331714008
1397912105
-331734488
1397948969
-331746776
1397994025
-331771352
1398071849
-331791832
1398108713
-332238296
-331808216
-331828696
-330436056
-331849176
1398243881
-331861464
1398288937
-331881944
1398424105
-331906520
1398469161
-331922904
1398510121
-331939288
1398157865
1399411241
-332262872
1399456297
-445738456
1400259113
-445754840
1400295977
-413793752
1400345129
-413810136
1400381993
-413834712
1400443433
-413842904
1400484393
-413867480
1400209961
1400529449
1400566313
-325987800
1400607273
-326012376
1400660521
-326024664
1400701481
1336840745
1400734249
1336820265
1400787497
-1554816472
1400828457
-413879768
-331677144
-445713880
-445693400
-332275160
1399505449
-332303832
1399534121
1291788841
1399591465
1291768361
1399628329
1291751977
1399669289
1291723305
1399718441
1291715113
1400169001
1399755305
1399853609
1291682345
1399898665
1291657769
1399939625
1291641385
1399976489
1291625001
1400021545
1291608617
1400066601
-445677016
1400123945
1291690537
1397772841
1398198825
1397719593
-330763736
1395667497
-330784216
1395712553
-330804696
1395765801
-330821080
1395790377
-330845656
1395843625
-331656664
1395925545
-330878424
1395978793
-330898904
1396015657
-330915288
1396064809
-330943960
1396101673
-330960344
1396154921
-330980824
1396195881
-331001304
1396240937
-331021784
1395622441
-330747352
1395577385
-330730968
-330452440
1394807337
-330472920
1394848297
-330493400
1394885161
-330526168
1394987561
-330542552
1395024425
-330558936
1395065385
-330575320
1396285993
1395118633
1395159593
-330620376
1395192361
-330628568
1395245609
-330653144
1395294761
-330665432
1395446313
-330694104
1395479081
-330710488
1395524137
-330591704
-331042264
-330862040
-331062744
1397084713
-331394520
1397133865
-331406808
1397183017
-331427288
1397228073
-331443672
1397256745
-331464152
1397318185
-331476440
1397346857
-331365848
-331509208
-331521496
1396331049
-331541976
1397482025
-331562456
1397531177
-331578840
1397576233
-331595224
1397617193
-331615704
1397674537
-331644376
1397396009
1397039657
1397441065
1397002793
1396367913
-331079128
1396408873
-331099608
1396462121
-331115992
1396511273
-331349464
-331136472
1396548137
-331152856
1396601385
-331173336
1396638249
1268388393
1396683305
-331185624
1396863529
1396826665
-331292120
1396908585
-331304408
1396945449
-331271640
-331214296
-331251160
1396781609
1396724265
-331328984
-331230680
